JulienRaymonde2020-02-04
{"nom":"Julien","prenom":"Raymonde","datenaiss":"2020-02-04","sexe":"1","age":[0,1,2,3,4,5,6,7,8,9,10,11,12,13,14,15,16,17,18,19,20,21,22,23,24,25,26,27,28,29,30,31,32,33,34,35],"poids":[0,0,0,0,0,0,0,0,0,0,0,0,0,0,0,0,0,0,0,0,0,0,0,0,0,0,0,0,0,0,0,0,0,0,0,0],"taille":[0,0,0,0,0,0,0,0,0,0,0,0,0,0,0,0,0,0,0,0,0,0,0,0,0,0,0,0,0,0,0,0,0,0,0,0],"peri":[0,0,0,0,0,0,0,0,0,0,0,0,0,0,0,0,0,0,0,0,0,0,0,0,0,0,0,0,0,0,0,0,0,0,0,0]}

CouvezPascal2019-09-08
{"nom":"Couvez","prenom":"Pascal","datenaiss":"2019-09-08","sexe":"0","age":[0,1,2,3,4,5,6,7,8,9,10,11,12,13,14,15,16,17,18,19,20,21,22,23,24,25,26,27,28,29,30,31,32,33,34,35],"poids":[0,0,0,0,0,0,0,0,0,0,0,0,0,0,0,0,0,0,0,0,0,0,0,0,0,0,0,0,0,0,0,0,0,0,0,0],"taille":[0,0,0,0,0,0,0,0,0,0,0,0,0,0,0,0,0,0,0,0,0,0,0,0,0,0,0,0,0,0,0,0,0,0,0,0],"peri":[0,0,0,0,0,0,0,0,0,0,0,0,0,0,0,0,0,0,0,0,0,0,0,0,0,0,0,0,0,0,0,0,0,0,0,0]}

CouvezOlivier2020-05-13
{"nom":"Couvez","prenom":"Olivier","datenaiss":"2020-05-13","sexe":"0","age":[0,1,2,3,4,5,6,7,8,9,10,11,12,13,14,15,16,17,18,19,20,21,22,23,24,25,26,27,28,29,30,31,32,33,34,35],"poids":["3150","3200","3500","3600","3800","4000","4200","4250","4400","4500","4600","4700","4750","5000","5100","5200","5300","5500","5700","5800",0,0,0,0,0,0,0,0,0,0,0,0,0,0,0,0],"taille":["51","51","53","55","57","58","60","62","64","66","68","70","72","74","76","78","79","80","82","82",0,0,0,0,0,0,0,0,0,0,0,0,0,0,0,0],"peri":["34","34","35","35","37","38","38","39","40","40","41","41","42","44","46","46","46","47","47","48",0,0,0,0,0,0,0,0,0,0,0,0,0,0,0,0]}

PapadopoulosAnik2020-04-08
{"nom":"Papadopoulos","prenom":"Anik","datenaiss":"2020-04-08","sexe":"1","age":[0,1,2,3,4,5,6,7,8,9,10,11,12,13,14,15,16,17,18,19,20,21,22,23,24,25,26,27,28,29,30,31,32,33,34,35],"poids":[0,0,0,0,0,0,0,0,0,0,0,0,0,0,0,0,0,0,0,0,0,0,0,0,0,0,0,0,0,0,0,0,0,0,0,0],"taille":[0,0,0,0,0,0,0,0,0,0,0,0,0,0,0,0,0,0,0,0,0,0,0,0,0,0,0,0,0,0,0,0,0,0,0,0],"peri":[0,0,0,0,0,0,0,0,0,0,0,0,0,0,0,0,0,0,0,0,0,0,0,0,0,0,0,0,0,0,0,0,0,0,0,0]}
